Mean: 0.6173726145450497
Max: 0.7506178386879353
Min: 0.419672131147541
Std. Dev: 0.07298004433262387
